1 0.170625 0.07007874015748031 0.19125 0.05196850393700787
1 0.610625 0.25275590551181104 0.54625 0.30866141732283464
1 0.22875 0.45354330708661417 0.3 0.14803149606299212
1 0.15 0.665748031496063 0.2475 0.10157480314960629
1 0.41625 0.6811023622047244 0.2775 0.12283464566929134
1 0.83375 0.6811023622047244 0.265 0.10393700787401575
1 0.211875 0.8854330708661418 0.26625 0.13937007874015747
1 0.52125 0.8996062992125984 0.21 0.1062992125984252
1 0.7875 0.8854330708661418 0.36 0.14409448818897638
0 0.500625 0.10669291338582677 0.94875 0.16299212598425197
0 0.499375 0.418503937007874 0.94625 0.4559055118110236
0 0.32625 0.7838582677165354 0.615 0.347244094488189
0 0.7725 0.7921259842519685 0.39 0.3354330708661417
