1 0.155625 0.10787401574803149 0.26625 0.16062992125984252
1 0.50625 0.2566929133858268 0.2775 0.15118110236220472
1 0.7725 0.07834645669291339 0.3975 0.11102362204724409
1 0.555 0.4110236220472441 0.41250000000000003 0.1716535433070866
1 0.181875 0.8283464566929134 0.16125 0.09921259842519685
1 0.829375 0.8590551181102362 0.25625 0.12440944881889764
2 0.868125 0.39448818897637794 0.21375 0.11496062992125984
2 0.718125 0.7259842519685039 0.33375 0.13228346456692913
0 0.3375 0.18464566929133858 0.6375000000000001 0.3188976377952756
0 0.76875 0.17519685039370078 0.3975 0.3094488188976378
0 0.495 0.5551181102362205 0.9525 0.49291338582677163
0 0.496875 0.8688976377952756 0.95625 0.20551181102362204
