2 0.16875 0.11929133858267717 0.255 0.15984251968503937
2 0.796875 0.13976377952755906 0.32625 0.17244094488188977
2 0.17625 0.38740157480314963 0.255 0.10078740157480315
2 0.313125 0.6161417322834646 0.22875 0.11102362204724409
2 0.61875 0.4216535433070866 0.2775 0.14094488188976378
2 0.860625 0.55 0.20625000000000002 0.12992125984251968
2 0.136875 0.7318897637795275 0.19875 0.12047244094488188
0 0.49875 0.18700787401574803 0.9225 0.3
0 0.49875 0.6318897637795275 0.9225 0.6606299212598425
0 0.253125 0.5031496062992126 0.43875000000000003 0.33700787401574805
0 0.241875 0.8169291338582677 0.41625 0.3
