1 0.7837500000000001 0.10669291338582677 0.36 0.14881889763779527
1 0.1875 0.28858267716535435 0.3 0.16299212598425197
1 0.39937500000000004 0.45236220472440947 0.29625 0.16456692913385826
2 0.13875 0.45472440944881887 0.2175 0.1220472440944882
2 0.40875 0.8901574803149607 0.28500000000000003 0.12047244094488188
0 0.33375 0.12086614173228347 0.6 0.17716535433070865
0 0.7837500000000001 0.20944881889763778 0.3675 0.3543307086614173
0 0.34875 0.29448818897637796 0.6375000000000001 0.1795275590551181
0 0.49875 0.6614173228346456 0.9375 0.6062992125984252
0 0.15 0.676771653543307 0.24 0.5755905511811024
