1 0.136875 0.07946498819826908 0.25125000000000003 0.08497246262785209
1 0.49875 0.13493312352478362 0.28500000000000003 0.10149488591660111
1 0.849375 0.08772619984264358 0.28125 0.0967741935483871
1 0.811875 0.4177812745869394 0.31875000000000003 0.13375295043273014
1 0.294375 0.516522423288749 0.20625000000000002 0.10621557828481511
1 0.5906250000000001 0.544846577498033 0.14625 0.06845003933910307
1 0.218125 0.9103068450039339 0.38625 0.11014948859166011
1 0.80625 0.8800157356412274 0.33 0.17230527143981117
0 0.34125 0.25373721479150274 0.645 0.45239968528717545
0 0.815625 0.25609756097560976 0.32625 0.45239968528717545
0 0.21937500000000001 0.6003147128245476 0.39375 0.2832415420928403
0 0.23625000000000002 0.8564122738001574 0.4275 0.22423288749016523
0 0.676875 0.7218725413060583 0.60375 0.5027537372147916
