1 0.264375 0.15547703180212014 0.40875 0.24911660777385158
1 0.15 0.4001766784452297 0.2775 0.20318021201413428
1 0.51 0.35954063604240283 0.225 0.127208480565371
1 0.781875 0.3705830388692579 0.34125 0.10865724381625441
1 0.721875 0.6475265017667844 0.19875 0.07950530035335689
1 0.174375 0.6395759717314488 0.31125 0.16431095406360424
1 0.181875 0.8277385159010601 0.25875 0.21201413427561838
1 0.5700000000000001 0.7628091872791519 0.2325 0.10865724381625441
1 0.8306250000000001 0.907243816254417 0.25125000000000003 0.12190812720848056
0 0.49875 0.16475265017667845 0.9225 0.2835689045936396
0 0.323125 0.5039752650176679 0.58875 0.38957597173144876
0 0.781875 0.5035335689045937 0.35625 0.3939929328621908
0 0.496875 0.8370141342756183 0.93375 0.2941696113074205
