0 0.251250 0.379859 0.420000 0.713781
1 0.213750 0.111749 0.342500 0.175795
1 0.200000 0.652827 0.300000 0.148410
1 0.152500 0.796378 0.250000 0.133392
1 0.828750 0.904152 0.300000 0.170495
1 0.773125 0.078180 0.253750 0.129859
1 0.506250 0.261042 0.190000 0.096290
1 0.845000 0.262809 0.225000 0.110424
1 0.833750 0.409894 0.207500 0.091873
1 0.586875 0.597615 0.281250 0.133392
0 0.668750 0.120583 0.595000 0.205830
0 0.679375 0.264576 0.566250 0.211131
0 0.685000 0.447438 0.552500 0.191696
0 0.696250 0.609982 0.527500 0.218198
0 0.497500 0.842756 0.922500 0.272085
