5 0.191875 0.095848 0.296250 0.142226
3 0.509375 0.287986 0.223750 0.134276
2 0.167500 0.312279 0.227500 0.101590
2 0.845000 0.424028 0.200000 0.084806
2 0.836250 0.583922 0.207500 0.086572
2 0.410625 0.534011 0.178750 0.076855
2 0.177500 0.557862 0.250000 0.122792
2 0.213125 0.918728 0.226250 0.100707
2 0.462500 0.723057 0.265000 0.128092
2 0.819375 0.908127 0.238750 0.109541
0 0.498125 0.131184 0.916250 0.219965
0 0.498125 0.342314 0.921250 0.258834
0 0.192500 0.733657 0.307500 0.486749
0 0.633750 0.559629 0.660000 0.151060
0 0.640625 0.812279 0.638750 0.327739
