1 0.174375 0.09452296819787986 0.25125000000000003 0.12190812720848056
1 0.2325 0.2416077738515901 0.3525 0.16696113074204946
1 0.255 0.4386042402826855 0.27 0.13692579505300354
1 0.7987500000000001 0.39752650176678445 0.3 0.16607773851590105
1 0.215625 0.907243816254417 0.34125 0.13780918727915195
1 0.785625 0.6024734982332155 0.22125 0.127208480565371
1 0.870625 0.9284452296819787 0.15125 0.07420494699646643
0 0.500625 0.35247349823321555 0.9187500000000001 0.6590106007067138
0 0.34875 0.7707597173144877 0.63 0.4160777385159011
0 0.8075 0.7363074204946997 0.295 0.48498233215547704
