1 0.41250000000000003 0.0799469964664311 0.225 0.11395759717314488
1 0.429375 0.19257950530035337 0.22875 0.11130742049469965
1 0.650625 0.20715547703180212 0.22875 0.11925795053003534
4 0.148125 0.3237632508833922 0.19875 0.0980565371024735
4 0.624375 0.4757067137809187 0.22875 0.11042402826855123
4 0.800625 0.338339222614841 0.19875 0.10600706713780919
4 0.18375 0.6316254416961131 0.27 0.13250883392226148
4 0.791875 0.8851590106007067 0.30125 0.1519434628975265
0 0.294375 0.14487632508833923 0.52125 0.24911660777385158
0 0.74625 0.14752650176678445 0.435 0.26501766784452296
0 0.500625 0.4001766784452297 0.93375 0.2879858657243816
0 0.49875 0.7641342756183745 0.93 0.4293286219081272
