1 0.178125 0.08779527559055118 0.28875 0.12047244094488188
1 0.849375 0.06535433070866142 0.16125 0.08031496062992126
1 0.583125 0.49094488188976376 0.27375 0.15354330708661418
1 0.90375 0.4590551181102362 0.14250000000000002 0.07559055118110236
1 0.155625 0.7437007874015747 0.25125000000000003 0.15826771653543306
1 0.579375 0.7330708661417322 0.22125 0.10866141732283464
1 0.8325 0.738976377952756 0.255 0.115748031496063
0 0.49875 0.3578740157480315 0.9450000000000001 0.6700787401574803
0 0.860625 0.27874015748031494 0.21375 0.5118110236220472
0 0.37125 0.8110236220472441 0.6975 0.2929133858267716
0 0.819375 0.815748031496063 0.29625 0.28818897637795277
