9 0.170625 0.1007081038552321 0.30375 0.15106215578284815
9 0.826875 0.1042486231313926 0.32625 0.18174665617623917
2 0.13875 0.5609756097560976 0.2625 0.12431156569630213
2 0.18375 0.9295830055074744 0.2475 0.1109362706530291
2 0.39 0.6298190401258851 0.225 0.1109362706530291
2 0.89625 0.551927616050354 0.18 0.07789142407553108
9 0.885 0.7525570416994493 0.21 0.1109362706530291
0 0.495 0.2619984264358773 0.975 0.5019669551534225
0 0.155625 0.7431156569630213 0.29625 0.4885916601101495
0 0.63 0.59441384736428 0.7125 0.18174665617623917
0 0.64125 0.8410700236034618 0.6900000000000001 0.2926829268292683
