2 0.165 0.13021243115656964 0.24 0.16758457907159716
2 0.22312500000000002 0.5259638080251771 0.35625 0.2147915027537372
2 0.429375 0.7454760031471283 0.40125 0.13926042486231313
1 0.8043750000000001 0.8811959087332809 0.27375 0.12273800157356413
1 0.7575000000000001 0.11014948859166011 0.3825 0.13690007867820614
0 0.3 0.16325727773406767 0.5175 0.24311565696302123
0 0.75 0.15617623918174667 0.3975 0.22895357985837922
0 0.495 0.47442958300550747 0.9 0.42643587726199844
0 0.34875 0.8092053501180173 0.615 0.27143981117230526
0 0.7987500000000001 0.8151062155782848 0.2925 0.25963808025177026
