3 0.174375 0.08300550747442959 0.33375 0.13926042486231313
3 0.864375 0.06412273800157356 0.24375 0.10621557828481511
0 0.49875 0.0959874114870181 0.975 0.17466561762391816
2 0.763125 0.5413060582218725 0.40875 0.1935483870967742
2 0.673125 0.6994492525570417 0.35625 0.0991345397324941
2 0.5906250000000001 0.8587726199842644 0.12375 0.06372934697088907
2 0.39187500000000003 0.8233674272226593 0.18375 0.08261211644374508
8 0.34125 0.7183320220298978 0.27 0.13217938630999213
0 0.500625 0.4036191974822974 0.97875 0.5066876475216365
0 0.264375 0.8221872541306058 0.51375 0.3351691581431943
0 0.7312500000000001 0.8174665617623919 0.51 0.3351691581431943
