2 0.16875 0.07474429583005507 0.2925 0.10857592446892211
2 0.204375 0.3025177025963808 0.28125 0.11565696302124312
2 0.7375 0.08103855232100708 0.41250000000000003 0.12273800157356413
2 0.79125 0.3154996066089693 0.3525 0.12745869394177814
1 0.174375 0.4260424862313139 0.31125 0.1077891424075531
1 0.5875 0.4162077104642014 0.12 0.05507474429583006
2 0.838125 0.7867820613690008 0.27375 0.16522423288749016
0 0.18 0.1915814319433517 0.3225 0.3422501966955153
0 0.64125 0.19630212431156568 0.66 0.35641227380015733
0 0.500625 0.45436664044059794 0.96375 0.16915814319433517
0 0.495 0.7525570416994493 0.96 0.45082612116443743
2 0.82875 0.18686073957513769 0.2775 0.08261211644374508
