2 0.133125 0.03933910306845004 0.25875 0.07081038552321008
2 0.21937500000000001 0.12313139260424863 0.34875 0.10149488591660111
2 0.324375 0.2151848937844217 0.16125 0.08261211644374508
2 0.81375 0.4964594807238395 0.36 0.12273800157356413
2 0.22312500000000002 0.8882769472856019 0.34875 0.17466561762391816
2 0.88125 0.9248623131392604 0.225 0.12981904012588513
0 0.500625 0.0952006294256491 0.99375 0.1904012588512982
0 0.170625 0.3174665617623918 0.34125 0.25413060582218727
0 0.655625 0.3233674272226593 0.6687500000000001 0.23446105428796224
0 0.495 0.7159716758457907 0.99 0.5617623918174666
0 0.87 0.8080251770259638 0.255 0.37293469708890636
