1 0.14250000000000002 0.09126671911880409 0.21 0.11329661683713611
1 0.82125 0.13021243115656964 0.2325 0.13926042486231313
8 0.18 0.6298190401258851 0.2925 0.13926042486231313
7 0.75875 0.6325727773406766 0.2525 0.0959874114870181
2 0.3375 0.8465774980330448 0.16 0.08339889850511409
0 0.500625 0.31156569630212433 0.93375 0.5586152635719905
0 0.4975 0.6758457907159717 0.9225 0.20298977183320221
0 0.50375 0.8737214791502754 0.915 0.16758457907159716
7 0.84 0.7147915027537373 0.21 0.06372934697088907
2 0.51 0.8827694728560189 0.1875 0.1007081038552321
