2 0.82625 0.1607773851590106 0.28 0.16431095406360424
4 0.181875 0.30786219081272087 0.26625 0.12985865724381626
4 0.796875 0.4213780918727915 0.28875 0.13427561837455831
4 0.470625 0.5892226148409894 0.24375 0.12190812720848056
4 0.534375 0.9151943462897526 0.21375 0.09010600706713781
4 0.82875 0.9165194346289752 0.24 0.0980565371024735
4 0.7993750000000001 0.575530035335689 0.25125000000000003 0.10865724381625441
1 0.18 0.5971731448763251 0.27 0.1431095406360424
1 0.17625 0.907243816254417 0.2625 0.13250883392226148
0 0.500625 0.13030035335689047 0.92625 0.21996466431095407
0 0.500625 0.36969964664310956 0.92625 0.29063604240282687
0 0.208125 0.7495583038869258 0.34875 0.4584805653710247
0 0.49875 0.7469081272084805 0.36 0.4584805653710247
0 0.7987500000000001 0.7429328621908127 0.3225 0.4664310954063604
